2.431997060775756836e-01
2.429682910442352295e-01
2.427375316619873047e-01
2.425066381692886353e-01
2.422754764556884766e-01
2.420440018177032471e-01
2.418121993541717529e-01
2.415800541639328003e-01
2.413475811481475830e-01
2.411147505044937134e-01
2.408815920352935791e-01
2.406481057405471802e-01
2.404142618179321289e-01
2.401801049709320068e-01
2.399455904960632324e-01
2.397107481956481934e-01
2.394755780696868896e-01
2.392400652170181274e-01
2.390042245388031006e-01
2.387680113315582275e-01
2.385315001010894775e-01
2.382946610450744629e-01
2.380574643611907959e-01
2.378199249505996704e-01
2.375820726156234741e-01
2.373438775539398193e-01
2.371053546667098999e-01
2.368664890527725220e-01
2.366229444742202759e-01
2.363557964563369751e-01
2.360836714506149292e-01
2.358077168464660645e-01
2.355286180973052979e-01
2.352469414472579956e-01
2.349629402160644531e-01
2.346769869327545166e-01
2.343892753124237061e-01
2.340999841690063477e-01
2.338092625141143799e-01
2.335172742605209351e-01
2.332241088151931763e-01
2.329298257827758789e-01
2.326345443725585938e-01
2.323382794857025146e-01
2.320411503314971924e-01
2.317431867122650146e-01
2.314443588256835938e-01
2.311447858810424805e-01
2.308408021926879883e-01
2.304795682430267334e-01
2.301087677478790283e-01
2.297308295965194702e-01
2.293473780155181885e-01
2.289594560861587524e-01
2.285679578781127930e-01
2.281735241413116455e-01
2.277767360210418701e-01
2.273780256509780884e-01
2.269777953624725342e-01
2.265763133764266968e-01
2.261738777160644531e-01
2.257706820964813232e-01
2.253669202327728271e-01
2.249627709388732910e-01
2.245582938194274902e-01
2.241536527872085571e-01
2.237489223480224609e-01
2.233441770076751709e-01
2.229394316673278809e-01
2.225347459316253662e-01
2.221695780754089355e-01
2.218380123376846313e-01
2.215066850185394287e-01
2.211755663156509399e-01
2.208446860313415527e-01
2.205155193805694580e-01
2.201872467994689941e-01
2.198588550090789795e-01
2.195291221141815186e-01
2.191716283559799194e-01
2.188120186328887939e-01
2.184505760669708252e-01
2.180875539779663086e-01
2.177231311798095703e-01
2.173575162887573242e-01
2.169908583164215088e-01
2.166233062744140625e-01
2.162549942731857300e-01
2.158859968185424805e-01
2.155164480209350586e-01
2.151463925838470459e-01
2.147759646177291870e-01
2.144051790237426758e-01
2.140341401100158691e-01
2.136628925800323486e-01
2.132914662361145020e-01
2.129199206829071045e-01
2.125482857227325439e-01
2.121766507625579834e-01
2.118049561977386475e-01
2.114333212375640869e-01
2.110617160797119141e-01
2.106902003288269043e-01
2.103187888860702515e-01
2.099474668502807617e-01
2.095763385295867920e-01
2.092053294181823730e-01
2.088345289230346680e-01
2.084639072418212891e-01
2.080934792757034302e-01
2.077233046293258667e-01
2.073533535003662109e-01
2.069836258888244629e-01
2.066141963005065918e-01
2.062450200319290161e-01
2.058761417865753174e-01
2.055075168609619141e-01
2.051391899585723877e-01
2.047711610794067383e-01
2.044034302234649658e-01
2.040360569953918457e-01
2.036689668893814087e-01
2.033021748065948486e-01
2.029357552528381348e-01
2.025696337223052979e-01
2.022038400173187256e-01
2.018383741378784180e-01
2.014732658863067627e-01
2.011084556579589844e-01
2.007439732551574707e-01
2.003798484802246094e-01
2.000160515308380127e-01
1.996525526046752930e-01
1.992927193641662598e-01
1.989597827196121216e-01
1.986123919486999512e-01
1.982532739639282227e-01
1.979087740182876587e-01
1.975725293159484863e-01
1.972352415323257446e-01
1.968969851732254028e-01
1.965579092502593994e-01
1.962181031703948975e-01
1.958776712417602539e-01
1.955367177724838257e-01
1.952043771743774414e-01
1.948778331279754639e-01
1.945404112339019775e-01
1.942191869020462036e-01
1.938996016979217529e-01
1.935783326625823975e-01
1.932555437088012695e-01
1.929313838481903076e-01
1.926060020923614502e-01
1.922897100448608398e-01
1.919786036014556885e-01
1.916579753160476685e-01
1.913526356220245361e-01
1.910492181777954102e-01
1.907433271408081055e-01
1.904352307319641113e-01
1.901251524686813354e-01
1.898204982280731201e-01
1.895294785499572754e-01
1.892358064651489258e-01
1.889603286981582642e-01
1.886826604604721069e-01
1.884014308452606201e-01
1.881170272827148438e-01
1.878297030925750732e-01
1.875644922256469727e-01
1.872962117195129395e-01
1.870197057723999023e-01
1.867363750934600830e-01
1.864740252494812012e-01
1.862152814865112305e-01
1.859516799449920654e-01
1.856836676597595215e-01
1.854116618633270264e-01
1.851477324962615967e-01
1.848957836627960205e-01
1.846365183591842651e-01
1.843711286783218384e-01
1.841317117214202881e-01
1.838875710964202881e-01
1.836374402046203613e-01
1.833819299936294556e-01
1.831215769052505493e-01
1.828934699296951294e-01
1.826603561639785767e-01
1.824202835559844971e-01
1.821742653846740723e-01
1.819233745336532593e-01
1.816843450069427490e-01
1.814594268798828125e-01
1.812268644571304321e-01
1.809874027967453003e-01
1.807514429092407227e-01
1.805288493633270264e-01
1.803004145622253418e-01
1.800671219825744629e-01
1.798597872257232666e-01
1.796436309814453125e-01
1.794189512729644775e-01
1.791866421699523926e-01
1.789788156747817993e-01
1.787721961736679077e-01
1.785597503185272217e-01
1.783423423767089844e-01
1.781207621097564697e-01
1.779051870107650757e-01
1.777046769857406616e-01
1.774954795837402344e-01
1.772874593734741211e-01
1.770876944065093994e-01
1.768825352191925049e-01
1.766768693923950195e-01
1.764743179082870483e-01
1.762841939926147461e-01
1.760899424552917480e-01
1.758911013603210449e-01
1.756897121667861938e-01
1.754955947399139404e-01
1.753098070621490479e-01
1.751123368740081787e-01
1.749330163002014160e-01
1.747498214244842529e-01
1.745615899562835693e-01
1.743690967559814453e-01
1.741740554571151733e-01
1.740111559629440308e-01
1.738342642784118652e-01
1.736440956592559814e-01
1.734422147274017334e-01
1.732788532972335815e-01
1.731109470129013062e-01
1.729377508163452148e-01
1.727597713470458984e-01
1.725781261920928955e-01
1.723928898572921753e-01
1.722237914800643921e-01
1.720689684152603149e-01
1.719353348016738892e-01
1.717907190322875977e-01
1.716360747814178467e-01
1.714724302291870117e-01
1.713347733020782471e-01
1.711944639682769775e-01
1.710430234670639038e-01
1.708825230598449707e-01
1.707168519496917725e-01
1.705735176801681519e-01
1.704208552837371826e-01
1.702720522880554199e-01
1.701245158910751343e-01
1.699684858322143555e-01
1.698316484689712524e-01
1.697011590003967285e-01
1.695702522993087769e-01
1.694356054067611694e-01
1.692953854799270630e-01
1.691543012857437134e-01
1.690126359462738037e-01
1.688773334026336670e-01
1.687563359737396240e-01
1.686267256736755371e-01
1.684928387403488159e-01
1.683639585971832275e-01
1.682332158088684082e-01
1.680999994277954102e-01
1.679818630218505859e-01
1.678546667098999023e-01
1.677218079566955566e-01
1.675962358713150024e-01
1.674703359603881836e-01
1.673415601253509521e-01
1.672255694866180420e-01
1.671002507209777832e-01
1.669878959655761719e-01
1.668708026409149170e-01
1.667449772357940674e-01
1.666130125522613525e-01
1.664916574954986572e-01
1.663773059844970703e-01
1.662649810314178467e-01
1.661465764045715332e-01
1.660275757312774658e-01
1.659024357795715332e-01
1.657855808734893799e-01
1.656720042228698730e-01
1.655535250902175903e-01
1.654422432184219360e-01
1.653251647949218750e-01
1.652078628540039062e-01
1.650989055633544922e-01
1.649787425994873047e-01
1.648642420768737793e-01
1.647511720657348633e-01
1.646422147750854492e-01
1.645264327526092529e-01
1.644292473793029785e-01
1.643031090497970581e-01
1.641821861267089844e-01
1.640789359807968140e-01
1.639671623706817627e-01
1.638477742671966553e-01
1.637327671051025391e-01
1.636219769716262817e-01
1.635024398565292358e-01
1.633896827697753906e-01
1.632727682590484619e-01
1.631603538990020752e-01
1.630439460277557373e-01
1.629376709461212158e-01
1.628211140632629395e-01
1.627095341682434082e-01
1.625913530588150024e-01
1.624823808670043945e-01
1.623664796352386475e-01
1.622654497623443604e-01
1.621405184268951416e-01
1.620266884565353394e-01
1.619161665439605713e-01
1.618022173643112183e-01
1.616874933242797852e-01
1.615779697895050049e-01
1.614556312561035156e-01
1.613541245460510254e-01
1.612447798252105713e-01
1.611277908086776733e-01
1.610135138034820557e-01
1.608928143978118896e-01
1.607854664325714111e-01
1.606543213129043579e-01
1.605398356914520264e-01
1.604301035404205322e-01
1.603127270936965942e-01
1.601883918046951294e-01
1.600757092237472534e-01
1.599573940038681030e-01
1.598304212093353271e-01
1.597139239311218262e-01
1.595902740955352783e-01
1.594707220792770386e-01
1.593447029590606689e-01
1.592372804880142212e-01
1.591245681047439575e-01
1.590040922164916992e-01
1.588766425848007202e-01
1.587528437376022339e-01
1.586206108331680298e-01
1.585170626640319824e-01
1.583836972713470459e-01
1.582405567169189453e-01
1.581217944622039795e-01
1.579955220222473145e-01
1.578667610883712769e-01
1.577405482530593872e-01
1.576112359762191772e-01
1.574878990650177002e-01
1.573505401611328125e-01
1.572188138961791992e-01
1.570972502231597900e-01
1.569681763648986816e-01
1.568320840597152710e-01
1.566896438598632812e-01
1.565705537796020508e-01
1.564346849918365479e-01
1.562826931476593018e-01
1.561510264873504639e-01
1.560160070657730103e-01
1.558758020401000977e-01
1.557303518056869507e-01
1.556167006492614746e-01
1.554755866527557373e-01
1.553103923797607422e-01
1.551734805107116699e-01
1.550293117761611938e-01
1.548870354890823364e-01
1.547434926033020020e-01
1.546007543802261353e-01
1.544510126113891602e-01
1.543026864528656006e-01
1.541505157947540283e-01
1.540005207061767578e-01
1.538625955581665039e-01
1.537181138992309570e-01
1.535662412643432617e-01
1.534076333045959473e-01
1.532429456710815430e-01
1.531101465225219727e-01
1.529578715562820435e-01
1.527719199657440186e-01
1.526209115982055664e-01
1.524625420570373535e-01
1.522973626852035522e-01
1.521455347537994385e-01
1.519746184349060059e-01
1.518176496028900146e-01
1.516605317592620850e-01
1.514959037303924561e-01
1.513244211673736572e-01
1.511519551277160645e-01
1.509744226932525635e-01
1.508217155933380127e-01
1.506414860486984253e-01
1.504667103290557861e-01
1.503034532070159912e-01
1.501345634460449219e-01
1.499536782503128052e-01
1.497636884450912476e-01
1.496261209249496460e-01
1.494588702917098999e-01
1.492595076560974121e-01
1.490578055381774902e-01
1.488970518112182617e-01
1.487162113189697266e-01
1.485207080841064453e-01
1.483257561922073364e-01
1.481584906578063965e-01
1.479739695787429810e-01
1.477822065353393555e-01
1.476360559463500977e-01
1.474654078483581543e-01
1.472736895084381104e-01
1.470663249492645264e-01
1.468844562768936157e-01
1.467111408710479736e-01
1.465345323085784912e-01
1.463475227355957031e-01
1.461818218231201172e-01
1.459998190402984619e-01
1.458130478858947754e-01
1.456180065870285034e-01
1.454153954982757568e-01
1.452423334121704102e-01
1.450485587120056152e-01
1.448337286710739136e-01
1.446563750505447388e-01
1.444633603096008301e-01
1.442615687847137451e-01
1.440601944923400879e-01
1.438824385404586792e-01
1.436647474765777588e-01
1.435025930404663086e-01
1.433646976947784424e-01
1.432258784770965576e-01
1.430777162313461304e-01
1.429124772548675537e-01
1.427318155765533447e-01
1.425372511148452759e-01
1.423337161540985107e-01
1.421253532171249390e-01
1.420244276523590088e-01
1.418642997741699219e-01
1.416427791118621826e-01
1.414676904678344727e-01
1.413100212812423706e-01
1.411306560039520264e-01
1.409211605787277222e-01
1.407403647899627686e-01
1.405656933784484863e-01
1.403621733188629150e-01
1.401645541191101074e-01
1.399682611227035522e-01
1.398140490055084229e-01
1.396263837814331055e-01
1.394629180431365967e-01
1.392706781625747681e-01
1.390772461891174316e-01
1.388940811157226562e-01
1.386908292770385742e-01
1.384882479906082153e-01
1.382956504821777344e-01
1.380957663059234619e-01
1.379024684429168701e-01
1.377264410257339478e-01
1.375262886285781860e-01
1.373405158519744873e-01
1.371589899063110352e-01
1.369647979736328125e-01
1.367423832416534424e-01
1.365550756454467773e-01
1.363730877637863159e-01
1.361759305000305176e-01
1.359782814979553223e-01
1.357654929161071777e-01
1.355683058500289917e-01
1.353431344032287598e-01
1.351588666439056396e-01
1.349512338638305664e-01
1.347578614950180054e-01
1.345514953136444092e-01
1.343252807855606079e-01
1.341087371110916138e-01
1.339293867349624634e-01
1.337283104658126831e-01
1.334641426801681519e-01
1.332547664642333984e-01
1.330461353063583374e-01
1.328255683183670044e-01
1.326063722372055054e-01
1.323883682489395142e-01
1.321653425693511963e-01
1.319689601659774780e-01
1.317431777715682983e-01
1.315158307552337646e-01
1.312977522611618042e-01
1.310542374849319458e-01
1.308302581310272217e-01
1.306095421314239502e-01
1.304097771644592285e-01
1.301485300064086914e-01
1.299272775650024414e-01
1.296983361244201660e-01
1.294445544481277466e-01
1.292439997196197510e-01
1.289744079113006592e-01
1.287233978509902954e-01
1.284772753715515137e-01
1.282036155462265015e-01
1.279067546129226685e-01
1.276118010282516479e-01
1.273059397935867310e-01
1.270822584629058838e-01
1.267903149127960205e-01
1.264414191246032715e-01
1.261701136827468872e-01
1.258850693702697754e-01
1.255890429019927979e-01
1.252984851598739624e-01
1.249966248869895935e-01
1.246773749589920044e-01
1.243367493152618408e-01
1.240125447511672974e-01
1.237045675516128540e-01
1.234169155359268188e-01
1.230866014957427979e-01
1.227760761976242065e-01
1.224635243415832520e-01
1.221328824758529663e-01
1.218287274241447449e-01
1.214981898665428162e-01
1.212276667356491089e-01
1.208969578146934509e-01
1.205810606479644775e-01
1.202690750360488892e-01
1.199606582522392273e-01
1.196339875459671021e-01
1.193175464868545532e-01
1.189802139997482300e-01
1.186368539929389954e-01
1.183076128363609314e-01
1.179803162813186646e-01
1.176434606313705444e-01
1.173244863748550415e-01
1.169860064983367920e-01
1.166615486145019531e-01
1.163359731435775757e-01
1.160000637173652649e-01
1.156779900193214417e-01
1.153472214937210083e-01
1.150034070014953613e-01
1.146478801965713501e-01
1.143576055765151978e-01
1.139904558658599854e-01
1.136725097894668579e-01
1.133200526237487793e-01
1.129650771617889404e-01
1.126343011856079102e-01
1.122863516211509705e-01
1.119510456919670105e-01
1.116022914648056030e-01
1.112605407834053040e-01
1.108953058719635010e-01
1.105448305606842041e-01
1.101810187101364136e-01
1.098334342241287231e-01
1.094712391495704651e-01
1.091370508074760437e-01
1.087824702262878418e-01
1.084156781435012817e-01
1.080428957939147949e-01
1.076897755265235901e-01
1.073231026530265808e-01
1.069599762558937073e-01
1.065881848335266113e-01
1.062342226505279541e-01
1.058673262596130371e-01
1.055007576942443848e-01
1.051277741789817810e-01
1.047556772828102112e-01
1.043916568160057068e-01
1.040099784731864929e-01
1.036336496472358704e-01
1.032587885856628418e-01
1.028738841414451599e-01
1.025097742676734924e-01
1.021314784884452820e-01
1.017608791589736938e-01
1.013698428869247437e-01
1.009798794984817505e-01
1.007177084684371948e-01
1.003452688455581665e-01
9.991240501403808594e-02
9.953904151916503906e-02
9.919447451829910278e-02
9.884039312601089478e-02
9.847311675548553467e-02
9.809380769729614258e-02
9.770607948303222656e-02
9.731343388557434082e-02
9.694677591323852539e-02
9.652929753065109253e-02
9.614600986242294312e-02
9.576870501041412354e-02
9.538070857524871826e-02
9.498885273933410645e-02
9.462216496467590332e-02
9.422361850738525391e-02
9.384268522262573242e-02
9.341660141944885254e-02
9.302366524934768677e-02
9.264042973518371582e-02
9.225051105022430420e-02
9.180655330419540405e-02
9.142006933689117432e-02
9.102597087621688843e-02
9.062141180038452148e-02
9.020991623401641846e-02
8.981746435165405273e-02
8.944830298423767090e-02
8.907929062843322754e-02
8.876762539148330688e-02
8.844523131847381592e-02
8.809104561805725098e-02
8.785514533519744873e-02
8.765028417110443115e-02
8.740741014480590820e-02
8.713375777006149292e-02
8.691066503524780273e-02
8.665063977241516113e-02
8.644022047519683838e-02
8.621265739202499390e-02
8.595369011163711548e-02
8.570495247840881348e-02
8.545850962400436401e-02
8.518157899379730225e-02
8.489795029163360596e-02
8.462899178266525269e-02
8.433761447668075562e-02
8.408354967832565308e-02
8.384678512811660767e-02
8.358716964721679688e-02
8.335412293672561646e-02
8.311583101749420166e-02
8.290051668882369995e-02
8.268591016530990601e-02
8.244797587394714355e-02
8.220349252223968506e-02
8.198982477188110352e-02
8.182696253061294556e-02
8.160118758678436279e-02
8.132872730493545532e-02
8.109839260578155518e-02
8.090963959693908691e-02
8.071985095739364624e-02
8.048872649669647217e-02
8.027672767639160156e-02
8.005721867084503174e-02
7.984400540590286255e-02
7.970263063907623291e-02
7.948039472103118896e-02
7.926416397094726562e-02
7.907772809267044067e-02
7.889049500226974487e-02
7.869456708431243896e-02
7.857625186443328857e-02
7.832396775484085083e-02
7.815852761268615723e-02
7.797915488481521606e-02
7.780613005161285400e-02
7.762404531240463257e-02
7.743254303932189941e-02
7.723317295312881470e-02
7.704155147075653076e-02
7.687263190746307373e-02
7.674002647399902344e-02
7.655805349349975586e-02
7.639375329017639160e-02
7.623548805713653564e-02
7.606409490108489990e-02
7.591804862022399902e-02
7.577283680438995361e-02
7.557038217782974243e-02
7.541021704673767090e-02
7.523520290851593018e-02
7.504855096340179443e-02
7.492605596780776978e-02
7.474769651889801025e-02
7.458267360925674438e-02
7.445100694894790649e-02
7.433312386274337769e-02
7.420192658901214600e-02
7.404187321662902832e-02
7.388807833194732666e-02
7.370465248823165894e-02
7.356624305248260498e-02
7.342690974473953247e-02
7.334928214550018311e-02
7.316394150257110596e-02
7.295341044664382935e-02
7.283687591552734375e-02
7.270638644695281982e-02
7.256361097097396851e-02
7.241010665893554688e-02
7.224988937377929688e-02
7.210887968540191650e-02
7.196000218391418457e-02
7.180204987525939941e-02
7.171048223972320557e-02
7.149215042591094971e-02
7.137171179056167603e-02
7.124188542366027832e-02
7.112226635217666626e-02
7.099555432796478271e-02
7.087203860282897949e-02
7.074216008186340332e-02
7.061445713043212891e-02
7.047758996486663818e-02
7.035230100154876709e-02
7.021813094615936279e-02
7.006989419460296631e-02
6.994481384754180908e-02
6.981287151575088501e-02
6.967255473136901855e-02
6.958342343568801880e-02
6.945139169692993164e-02
6.929681450128555298e-02
6.918098777532577515e-02
6.905601173639297485e-02
6.892266869544982910e-02
6.890758872032165527e-02
6.869304925203323364e-02
6.858552992343902588e-02
6.848634779453277588e-02
6.837714463472366333e-02
6.825906038284301758e-02
6.813322007656097412e-02
6.800059974193572998e-02
6.793987005949020386e-02
6.777187436819076538e-02
6.765297055244445801e-02
6.754928082227706909e-02
6.744234263896942139e-02
6.733436882495880127e-02
6.722294539213180542e-02
6.710878759622573853e-02
6.698714196681976318e-02
6.687150150537490845e-02
6.675037741661071777e-02
6.661712378263473511e-02
6.650191545486450195e-02
6.638087332248687744e-02
6.625434756278991699e-02
6.613671779632568359e-02
6.602555513381958008e-02
6.589904427528381348e-02
6.578594446182250977e-02
6.571610271930694580e-02
6.556402146816253662e-02
6.549142301082611084e-02
6.536555290222167969e-02
6.526887416839599609e-02
6.516518443822860718e-02
6.505534052848815918e-02
6.494005769491195679e-02
6.483937054872512817e-02
6.472946703433990479e-02
6.463173031806945801e-02
6.452766805887222290e-02
6.441807001829147339e-02
6.430359184741973877e-02
6.420673429965972900e-02
6.414331495761871338e-02
6.399618089199066162e-02
6.391044706106185913e-02
6.381748616695404053e-02
6.371809542179107666e-02
6.361301243305206299e-02
6.351414322853088379e-02
6.340198963880538940e-02
6.330304592847824097e-02
6.320000439882278442e-02
6.311920285224914551e-02
6.299662590026855469e-02
6.289568543434143066e-02
6.279021501541137695e-02
6.268078088760375977e-02
6.257626414299011230e-02
6.247041374444961548e-02
6.243778020143508911e-02
6.229428574442863464e-02
6.221339106559753418e-02
6.212635338306427002e-02
6.203386187553405762e-02
6.193655729293823242e-02
6.183499842882156372e-02
6.173896789550781250e-02
6.163906306028366089e-02
6.153464317321777344e-02
6.143967807292938232e-02
6.135559454560279846e-02
6.127021461725234985e-02
6.117980927228927612e-02
6.108496338129043579e-02
6.098620593547821045e-02
6.088403239846229553e-02
6.081084907054901123e-02
6.068572029471397400e-02
6.058911979198455811e-02
6.049631536006927490e-02
6.039600074291229248e-02
6.030660495162010193e-02
6.021346151828765869e-02
6.019537895917892456e-02
6.004980206489562988e-02
5.997670441865921021e-02
5.989797040820121765e-02
5.981422960758209229e-02
5.972601100802421570e-02
5.963446199893951416e-02
5.953956767916679382e-02
5.944177508354187012e-02
5.934147164225578308e-02
5.923900008201599121e-02
5.920496582984924316e-02
5.908654257655143738e-02
5.898057669401168823e-02
5.890453606843948364e-02
5.882404744625091553e-02
5.873958393931388855e-02
5.866508185863494873e-02
5.856531113386154175e-02
5.847579985857009888e-02
5.838996917009353638e-02
5.830943956971168518e-02
5.823111534118652344e-02
5.814895033836364746e-02
5.807372927665710449e-02
5.798871070146560669e-02
5.790456384420394897e-02
5.782324075698852539e-02
5.773850530385971069e-02
5.766504257917404175e-02
5.757319182157516479e-02
5.749192833900451660e-02
5.740745738148689270e-02
5.732014775276184082e-02
5.723036453127861023e-02
5.713842064142227173e-02
5.704464018344879150e-02
5.698399990797042847e-02
5.689977854490280151e-02
5.678401514887809753e-02
5.670280382037162781e-02
5.661885067820549011e-02
5.653247982263565063e-02
5.650082975625991821e-02
5.637937039136886597e-02
5.631098151206970215e-02
5.624459683895111084e-02
5.617395788431167603e-02
5.609953403472900391e-02
5.602173507213592529e-02
5.594095960259437561e-02
5.585752800107002258e-02
5.577179789543151855e-02
5.568406730890274048e-02
5.560015887022018433e-02
5.551601201295852661e-02
5.543117225170135498e-02
5.534937977790832520e-02
5.526539683341979980e-02
5.519118905067443848e-02
5.510035902261734009e-02
5.503600090742111206e-02
5.495368689298629761e-02
5.488505959510803223e-02
5.481323227286338806e-02
5.473852157592773438e-02
5.466130375862121582e-02
5.458184331655502319e-02
5.450273305177688599e-02
5.443045869469642639e-02
5.435762554407119751e-02
5.428222194314002991e-02
5.420454218983650208e-02
5.412486568093299866e-02
5.404345318675041199e-02
5.396051332354545593e-02
5.394027009606361389e-02
5.381484702229499817e-02
5.374994874000549316e-02
5.368192866444587708e-02
5.361113697290420532e-02
5.353786051273345947e-02
5.346238985657691956e-02
5.338500440120697021e-02
5.331527069211006165e-02
5.323131382465362549e-02
5.315480008721351624e-02
5.307661369442939758e-02
5.302717536687850952e-02
5.293227732181549072e-02
5.286481976509094238e-02
5.279487743973731995e-02
5.272273346781730652e-02
5.266349017620086670e-02
5.257692560553550720e-02
5.250306427478790283e-02
5.242756754159927368e-02
5.235060304403305054e-02
5.227236077189445496e-02
5.220432206988334656e-02
5.212239176034927368e-02
5.205364525318145752e-02
5.198448151350021362e-02
5.191337317228317261e-02
5.184051766991615295e-02
5.177063122391700745e-02
5.170398950576782227e-02
5.163955688476562500e-02
5.157269537448883057e-02
5.150368437170982361e-02
5.143276974558830261e-02
5.136018618941307068e-02
5.128613859415054321e-02
5.122498422861099243e-02
5.114075541496276855e-02
5.107222497463226318e-02
5.101213231682777405e-02
5.095229297876358032e-02
5.088989436626434326e-02
5.082530900835990906e-02
5.075866356492042542e-02
5.069021135568618774e-02
5.062015354633331299e-02
5.054868012666702271e-02
5.047598481178283691e-02
5.041626095771789551e-02
5.032926052808761597e-02
5.028446391224861145e-02
5.021848529577255249e-02
5.012614279985427856e-02
5.006680265069007874e-02
5.001063644886016846e-02
4.995188117027282715e-02
4.989078268408775330e-02
4.982759803533554077e-02
4.976254329085350037e-02
4.969585686922073364e-02
4.962769895792007446e-02
4.955827817320823669e-02
4.952890053391456604e-02
4.944294318556785583e-02
4.936597868800163269e-02
4.930944368243217468e-02
4.925059527158737183e-02
4.918962717056274414e-02
4.912678524851799011e-02
4.906225204467773438e-02
4.899623990058898926e-02
4.892887920141220093e-02
4.886037483811378479e-02
4.879085719585418701e-02
4.874439910054206848e-02
4.865788668394088745e-02
4.859375581145286560e-02
4.852825030684471130e-02
4.846152290701866150e-02
4.839371889829635620e-02
4.832500964403152466e-02
4.825550317764282227e-02
4.818530380725860596e-02
4.811552166938781738e-02
4.805130884051322937e-02
4.798680916428565979e-02
4.792118445038795471e-02
4.785459488630294800e-02
4.778717085719108582e-02
4.772965982556343079e-02
4.765837267041206360e-02
4.759636893868446350e-02
4.753331094980239868e-02
4.746909812092781067e-02
4.740388691425323486e-02
4.733778536319732666e-02
4.732527583837509155e-02
4.722728952765464783e-02
4.718071222305297852e-02
4.713145270943641663e-02
4.707974940538406372e-02
4.702598601579666138e-02
4.697030410170555115e-02
4.691285640001296997e-02
4.685386270284652710e-02
4.679345339536666870e-02
4.673181474208831787e-02
4.666909575462341309e-02
4.660539329051971436e-02
4.654087498784065247e-02
4.647563397884368896e-02
4.643110185861587524e-02
4.636287689208984375e-02
4.628918692469596863e-02
4.622933268547058105e-02
4.616838693618774414e-02
4.610647261142730713e-02
4.604369029402732849e-02
4.598019272089004517e-02
4.591604694724082947e-02
4.585136100649833679e-02
4.578622430562973022e-02
4.576987773180007935e-02
4.566791653633117676e-02
4.561351239681243896e-02
4.555765166878700256e-02
4.550049081444740295e-02
4.544217884540557861e-02
4.538286104798316956e-02
4.532261937856674194e-02
4.526250809431076050e-02
4.520376771688461304e-02
4.514493420720100403e-02
4.508520662784576416e-02
4.502471536397933960e-02
4.496354982256889343e-02
4.490636289119720459e-02
4.484334960579872131e-02
4.478406161069869995e-02
4.472406581044197083e-02
4.467397183179855347e-02
4.460939019918441772e-02
4.455431923270225525e-02
4.449823126196861267e-02
4.444111883640289307e-02
4.438311606645584106e-02
4.436412081122398376e-02
4.427732154726982117e-02
4.422842338681221008e-02
4.417786002159118652e-02
4.412577673792839050e-02
4.407233744859695435e-02
4.401769489049911499e-02
4.396199434995651245e-02
4.390533268451690674e-02
4.385468363761901855e-02
4.379428923130035400e-02
4.373960942029953003e-02
4.368391633033752441e-02
4.362736642360687256e-02
4.357002675533294678e-02
4.351206123828887939e-02
4.345367848873138428e-02
4.339481890201568604e-02
4.335324838757514954e-02
4.328339546918869019e-02
4.322917014360427856e-02
4.317669570446014404e-02
4.312320053577423096e-02
4.306878522038459778e-02
4.301358014345169067e-02
4.295765608549118042e-02
4.291310161352157593e-02
4.284701496362686157e-02
4.279214888811111450e-02
4.273660480976104736e-02
4.268049821257591248e-02
4.262387007474899292e-02
4.256679862737655640e-02
4.253749921917915344e-02
4.245879873633384705e-02
4.240719974040985107e-02
4.235470294952392578e-02
4.230138659477233887e-02
4.224737733602523804e-02
4.219273105263710022e-02
4.213754087686538696e-02
4.209877923130989075e-02
4.203706607222557068e-02
4.199075698852539062e-02
4.194311425089836121e-02
4.189427196979522705e-02
4.184433817863464355e-02
4.179344326257705688e-02
4.174169152975082397e-02
4.168917238712310791e-02
4.163599759340286255e-02
4.158222302794456482e-02
4.153557866811752319e-02
4.147743061184883118e-02
4.142609238624572754e-02
4.137401282787322998e-02
4.132130369544029236e-02
4.126803576946258545e-02
4.121890291571617126e-02
4.116353392601013184e-02
4.111207649111747742e-02
4.105997458100318909e-02
4.100732505321502686e-02
4.095419496297836304e-02
4.090755432844161987e-02
4.085401073098182678e-02
4.080632701516151428e-02
4.075771570205688477e-02
4.070827364921569824e-02
4.065808653831481934e-02
4.062198102474212646e-02
4.056072235107421875e-02
4.051318019628524780e-02
4.046474397182464600e-02
4.041551053524017334e-02
4.036553576588630676e-02
4.034232720732688904e-02
4.027439653873443604e-02
4.023230448365211487e-02
4.018882662057876587e-02
4.014410078525543213e-02
4.009824618697166443e-02
4.005135968327522278e-02
4.000358283519744873e-02
3.995498269796371460e-02
3.990567475557327271e-02
3.985574096441268921e-02
3.980523347854614258e-02
3.975425660610198975e-02
3.970286995172500610e-02
3.965110704302787781e-02
3.959903493523597717e-02
3.954670578241348267e-02
3.949416428804397583e-02
3.944747895002365112e-02
3.939178586006164551e-02
3.934167698025703430e-02
3.929118439555168152e-02
3.924034535884857178e-02
3.918922692537307739e-02
3.913786634802818298e-02
3.909313306212425232e-02
3.903773054480552673e-02
3.899762779474258423e-02
3.894940018653869629e-02
3.890868276357650757e-02
3.886670619249343872e-02
3.882359713315963745e-02
3.877947479486465454e-02
3.873442485928535461e-02
3.868856281042098999e-02
3.864197432994842529e-02
3.859474882483482361e-02
3.854695335030555725e-02
3.849866241216659546e-02
3.844992816448211670e-02
3.840084373950958252e-02
3.835142403841018677e-02
3.830173239111900330e-02
3.825188428163528442e-02
3.820190578699111938e-02
3.815178573131561279e-02
3.810168430209159851e-02
3.805653750896453857e-02
3.801091760396957397e-02
3.796476125717163086e-02
3.791820257902145386e-02
3.788105398416519165e-02
3.782813996076583862e-02
3.778431192040443420e-02
3.773976862430572510e-02
3.769458830356597900e-02
3.764884173870086670e-02
3.760261833667755127e-02
3.755597770214080811e-02
3.750894963741302490e-02
3.747621178627014160e-02
3.741629421710968018e-02
3.737068176269531250e-02
3.732468187808990479e-02
3.727831318974494934e-02
3.723512962460517883e-02
3.718771785497665405e-02
3.714325278997421265e-02
3.709829226136207581e-02
3.705291822552680969e-02
3.700716048479080200e-02
3.696842491626739502e-02
3.691972792148590088e-02
3.687761723995208740e-02
3.683483600616455078e-02
3.679145872592926025e-02
3.674757108092308044e-02
3.670321777462959290e-02
3.665845096111297607e-02
3.661333397030830383e-02
3.656791523098945618e-02
3.652464225888252258e-02
3.648037463426589966e-02
3.643792495131492615e-02
3.639494255185127258e-02
3.635148704051971436e-02
3.630759939551353455e-02
3.626336157321929932e-02
3.622519969940185547e-02
3.617659956216812134e-02
3.613392636179924011e-02
3.610066324472427368e-02
3.605197370052337646e-02
3.601234778761863708e-02
3.597197309136390686e-02
3.593092411756515503e-02
3.588927909731864929e-02
3.584709763526916504e-02
3.580446541309356689e-02
3.576143085956573486e-02
3.571800887584686279e-02
3.569585084915161133e-02
3.563255444169044495e-02
3.559036552906036377e-02
3.554776683449745178e-02
3.550480678677558899e-02
3.546153381466865540e-02
3.541799634695053101e-02
3.537421673536300659e-02
3.533023968338966370e-02
3.528609499335289001e-02
3.525096550583839417e-02
3.521124273538589478e-02
3.516471013426780701e-02
3.512728586792945862e-02
3.508905693888664246e-02
3.505011275410652161e-02
3.501058369874954224e-02
3.497050702571868896e-02
3.492989018559455872e-02
3.488881140947341919e-02
3.484730795025825500e-02
3.480543941259384155e-02
3.476326540112495422e-02
3.472079709172248840e-02
3.467810526490211487e-02
3.463521227240562439e-02
3.459214419126510620e-02
3.454893827438354492e-02
3.450827673077583313e-02
3.446525707840919495e-02
3.442933037877082825e-02
3.439164161682128906e-02
3.435765206813812256e-02
3.432267904281616211e-02
3.428679704666137695e-02
3.425011783838272095e-02
3.421271219849586487e-02
3.417464718222618103e-02
3.413599729537963867e-02
3.409683704376220703e-02
3.405719622969627380e-02
3.401715308427810669e-02
3.397676721215248108e-02
3.393605351448059082e-02
3.389506787061691284e-02
3.385384380817413330e-02
3.381242230534553528e-02
3.377084061503410339e-02
3.372911363840103149e-02
3.368726372718811035e-02
3.364533185958862305e-02
3.360331431031227112e-02
3.356426954269409180e-02
3.352153301239013672e-02
3.348154202103614807e-02
3.344131261110305786e-02
3.340087085962295532e-02
3.336027264595031738e-02
3.331951797008514404e-02
3.327864408493041992e-02
3.323767334222793579e-02
3.319661691784858704e-02
3.315551578998565674e-02
3.311802446842193604e-02
3.309762850403785706e-02
3.304497152566909790e-02
3.301300108432769775e-02
3.298007696866989136e-02
3.294629976153373718e-02
3.291174769401550293e-02
3.287649154663085938e-02
3.284061327576637268e-02
3.280416876077651978e-02
3.276721760630607605e-02
3.272981196641921997e-02
3.269201889634132385e-02
3.265387192368507385e-02
3.261543437838554382e-02
3.257671743631362915e-02
3.253777325153350830e-02
3.249865025281906128e-02
3.245933353900909424e-02
3.241988644003868103e-02
3.238032013177871704e-02
3.234068304300308228e-02
3.230101615190505981e-02
3.226412832736968994e-02
3.222425282001495361e-02
3.218688815832138062e-02
3.214924782514572144e-02
3.211138024926185608e-02
3.207331895828247070e-02
3.203506395220756531e-02
3.199667856097221375e-02
3.195817023515701294e-02
3.191956505179405212e-02
3.188088163733482361e-02
3.184212371706962585e-02
3.180332109332084656e-02
3.178153559565544128e-02
3.173457458615303040e-02
3.170377016067504883e-02
3.167216107249259949e-02
3.163982182741165161e-02
3.160680830478668213e-02
3.157320991158485413e-02
3.153905645012855530e-02
3.150441870093345642e-02
3.146934881806373596e-02
3.143645450472831726e-02
3.140023350715637207e-02
3.136606141924858093e-02
3.133142739534378052e-02
3.129636868834495544e-02
3.126094117760658264e-02
3.122520074248313904e-02
3.118917904794216156e-02
3.115290217101573944e-02
3.111641481518745422e-02
3.107974492013454437e-02
3.104292415082454681e-02
3.100595250725746155e-02
3.096888214349746704e-02
3.093172051012516022e-02
3.089449927210807800e-02
3.085720539093017578e-02
3.082161769270896912e-02
3.078447654843330383e-02
3.074885159730911255e-02
3.071303665637969971e-02
3.068818151950836182e-02
3.064764291048049927e-02
3.061745315790176392e-02
3.058655187487602234e-02
3.055500797927379608e-02
3.052288480103015900e-02
3.049025312066078186e-02
3.045713156461715698e-02
3.042362444102764130e-02
3.038973174989223480e-02
3.035557456314563751e-02
3.032111749053001404e-02
3.028639219701290131e-02
3.025144524872303009e-02
3.021628968417644501e-02
3.018096461892127991e-02
3.015184402465820312e-02
3.011159598827362061e-02
3.007749095559120178e-02
3.004317730665206909e-02
3.000866249203681946e-02
2.997395768761634827e-02
2.993910387158393860e-02
2.990410476922988892e-02
2.986898645758628845e-02
2.983378246426582336e-02
2.979848533868789673e-02
2.976313419640064240e-02
2.972772344946861267e-02
2.969228290021419525e-02
2.965681441128253937e-02
2.962132915854454041e-02
2.958584763109683990e-02
2.957655861973762512e-02
2.951827272772789001e-02
2.948585152626037598e-02
2.945314161479473114e-02
2.942017093300819397e-02
2.938697859644889832e-02
2.935358136892318726e-02
2.932000905275344849e-02
2.928629890084266663e-02
2.925245836377143860e-02
2.921851724386215210e-02
2.918447367846965790e-02
2.916980907320976257e-02
2.911787852644920349e-02
2.908709645271301270e-02
2.905412763357162476e-02
2.902273088693618774e-02
2.899101190268993378e-02
2.895901910960674286e-02
2.892677485942840576e-02
2.889430522918701172e-02
2.886165492236614227e-02
2.882884442806243896e-02
2.879588119685649872e-02
2.876281365752220154e-02
2.872963622212409973e-02
2.869637496769428253e-02
2.866486087441444397e-02
2.863438241183757782e-02
2.860518544912338257e-02
2.857554145157337189e-02
2.854555472731590271e-02
2.851517312228679657e-02
2.848443388938903809e-02
2.845338732004165649e-02
2.842207252979278564e-02
2.839050441980361938e-02
2.835873700678348541e-02
2.832677960395812988e-02
2.829466015100479126e-02
2.826240658760070801e-02
2.823004499077796936e-02
2.819757908582687378e-02
2.816503308713436127e-02
2.813241630792617798e-02
2.811620011925697327e-02
2.807017974555492401e-02
2.804026007652282715e-02
2.801002189517021179e-02
2.797953039407730103e-02
2.794881165027618408e-02
2.791789732873439789e-02
2.788678370416164398e-02
2.785552479326725006e-02
2.782411128282546997e-02
2.779257670044898987e-02
2.776095643639564514e-02
2.772925049066543579e-02
2.769746072590351105e-02
2.766992524266242981e-02
2.763544395565986633e-02
2.760505490005016327e-02
2.757766097784042358e-02
2.754950895905494690e-02
2.752384170889854431e-02
2.749753929674625397e-02
2.747067250311374664e-02
2.744329348206520081e-02
2.741546928882598877e-02
2.738721668720245361e-02
2.735856920480728149e-02
2.732957527041435242e-02
2.730026282370090485e-02
2.727068588137626648e-02
2.724086865782737732e-02
2.721082791686058044e-02
2.718060836195945740e-02
2.715022303164005280e-02
2.711970917880535126e-02
2.708909846842288971e-02
2.705838717520236969e-02
2.702760696411132812e-02
2.699675410985946655e-02
2.696584910154342651e-02
2.693489380180835724e-02
2.690392360091209412e-02
2.687292173504829407e-02
2.684191428124904633e-02
2.681090310215950012e-02
2.677989006042480469e-02
2.674888446927070618e-02
2.671789191663265228e-02
2.669230848550796509e-02
2.665751799941062927e-02
2.662796899676322937e-02
2.659830823540687561e-02
2.656854502856731415e-02
2.653869986534118652e-02
2.650879509747028351e-02
2.647883445024490356e-02
2.644882164895534515e-02
2.642103657126426697e-02
2.639028429985046387e-02
2.637755498290061951e-02
2.633949555456638336e-02
2.631662786006927490e-02
2.629305794835090637e-02
2.626884169876575470e-02
2.624405734241008759e-02
2.621872723102569580e-02
2.619291841983795166e-02
2.616666629910469055e-02
2.614003419876098633e-02
2.611304074525833130e-02
2.608574181795120239e-02
2.605815790593624115e-02
2.603032067418098450e-02
2.600225806236267090e-02
2.597400732338428497e-02
2.594560198485851288e-02
2.591703832149505615e-02
2.588834241032600403e-02
2.585954405367374420e-02
2.583065070211887360e-02
2.580168657004833221e-02
2.577265910804271698e-02
2.574357390403747559e-02
2.571445144712924957e-02
2.568530663847923279e-02
2.565612830221652985e-02
2.562695741653442383e-02
2.559775859117507935e-02
2.556857094168663025e-02
2.553940005600452423e-02
2.551023103296756744e-02
2.548107877373695374e-02
2.545195817947387695e-02
2.542285434901714325e-02
2.539970725774765015e-02
2.536616474390029907e-02
2.533843740820884705e-02
2.531061135232448578e-02
2.528269216418266296e-02
2.525470778346061707e-02
2.522666938602924347e-02
2.520246058702468872e-02
2.517271786928176880e-02
2.514658309519290924e-02
2.512023597955703735e-02
2.509367093443870544e-02
2.506692521274089813e-02
2.504003047943115234e-02
2.501298859715461731e-02
2.498583495616912842e-02
2.495857886970043182e-02
2.493123151361942291e-02
2.490381151437759399e-02
2.487633004784584045e-02
2.485049143433570862e-02
2.482507750391960144e-02
2.480093017220497131e-02
2.477641776204109192e-02
2.475159429013729095e-02
2.472650445997714996e-02
2.470112964510917664e-02
2.467551082372665405e-02
2.464966848492622375e-02
2.462363615632057190e-02
2.459742128849029541e-02
2.457105927169322968e-02
2.454456500709056854e-02
2.451795712113380432e-02
2.449125051498413086e-02
2.446446940302848816e-02
2.443761005997657776e-02
2.441070042550563812e-02
2.438374608755111694e-02
2.435684576630592346e-02
2.433099225163459778e-02
2.430509030818939209e-02
2.427911385893821716e-02
2.425305917859077454e-02
2.422689273953437805e-02
2.420064993202686310e-02
2.417432516813278198e-02
2.416159771382808685e-02
2.412289939820766449e-02
2.409765310585498810e-02
2.407225593924522400e-02
2.404671162366867065e-02
2.402104623615741730e-02
2.399527281522750854e-02
2.396940626204013824e-02
2.394346892833709717e-02
2.391745895147323608e-02
2.389139309525489807e-02
2.386529184877872467e-02
2.383914589881896973e-02
2.382293529808521271e-02
2.378918044269084930e-02
2.376513183116912842e-02
2.374084852635860443e-02
2.371637523174285889e-02
2.369171753525733948e-02
2.366694062948226929e-02
2.364203892648220062e-02
2.361700683832168579e-02
2.359186299145221710e-02
2.356662042438983917e-02
2.354129776358604431e-02
2.352179214358329773e-02
2.349165081977844238e-02
2.346722595393657684e-02
2.344266325235366821e-02
2.341797389090061188e-02
2.339321188628673553e-02
2.336833998560905457e-02
2.334338612854480743e-02
2.331837639212608337e-02
2.329471148550510406e-02
2.326973900198936462e-02
2.324600145220756531e-02
2.322207018733024597e-02
2.319798804819583893e-02
2.317375317215919495e-02
2.314939908683300018e-02
2.312493696808815002e-02
2.310038171708583832e-02
2.307575009763240814e-02
2.305105887353420258e-02
2.302629500627517700e-02
2.300150133669376373e-02
2.297666110098361969e-02
2.295179851353168488e-02
2.292691729962825775e-02
2.292644605040550232e-02
2.288056910037994385e-02
2.285878174006938934e-02
2.283668518066406250e-02
2.281431294977664948e-02
2.279168739914894104e-02
2.276885695755481720e-02
2.274586260318756104e-02
2.272268757224082947e-02
2.269933745265007019e-02
2.269934117794036865e-02
2.265335433185100555e-02
2.263063564896583557e-02
2.260772511363029480e-02
2.258463576436042786e-02
2.256138809025287628e-02
2.253800258040428162e-02
2.251448854804039001e-02
2.249089069664478302e-02
2.246721088886260986e-02
2.244345284998416901e-02
2.241962961852550507e-02
2.239575050771236420e-02
2.237182669341564178e-02
2.234787121415138245e-02
2.232388034462928772e-02
2.229986712336540222e-02
2.227583900094032288e-02
2.225180156528949738e-02
2.222776040434837341e-02
2.220372296869754791e-02
2.217968180775642395e-02
2.215565741062164307e-02
2.213164046406745911e-02
2.210763841867446899e-02
2.208366245031356812e-02
2.205969393253326416e-02
2.203576825559139252e-02
2.204134687781333923e-02
2.199387922883033752e-02
2.197538688778877258e-02
2.195640653371810913e-02
2.193698287010192871e-02
2.191714569926261902e-02
2.189694903790950775e-02
2.187640406191349030e-02
2.185556106269359589e-02
2.183443121612071991e-02
2.181305922567844391e-02
2.179146371781826019e-02
2.176968008279800415e-02
2.174770832061767578e-02
2.172558009624481201e-02
2.170331962406635284e-02
2.168093249201774597e-02
2.165843546390533447e-02
2.163585834205150604e-02
2.161319181323051453e-02
2.159047871828079224e-02
2.156769111752510071e-02
2.154485881328582764e-02
2.152198925614356995e-02
2.149909920990467072e-02
2.147617936134338379e-02
2.145325392484664917e-02
2.143030054867267609e-02
2.140735276043415070e-02
2.138440869748592377e-02
2.136145904660224915e-02
2.133851870894432068e-02
2.131560072302818298e-02
2.130313031375408173e-02
2.127233333885669708e-02
2.125174179673194885e-02
2.123094350099563599e-02
2.120995521545410156e-02
2.118880860507488251e-02
2.116750925779342651e-02
2.114607207477092743e-02
2.112453058362007141e-02
2.110288664698600769e-02
2.108114957809448242e-02
2.105933614075183868e-02
2.103745937347412109e-02
2.101552858948707581e-02
2.099355310201644897e-02
2.097154222428798676e-02
2.094949595630168915e-02
2.092742547392845154e-02
2.090534195303916931e-02
2.088439837098121643e-02
2.086224034428596497e-02
2.084112726151943207e-02
2.081990987062454224e-02
2.079860307276248932e-02
2.077722549438476562e-02
2.075577341020107269e-02
2.073428034782409668e-02
2.071273140609264374e-02
2.069115079939365387e-02
2.066954039037227631e-02
2.064789831638336182e-02
2.062625437974929810e-02
2.060458809137344360e-02
2.058291807770729065e-02
2.056124247610569000e-02
2.053956314921379089e-02
2.051790431141853333e-02
2.049624174833297729e-02
2.050757780671119690e-02
2.045668847858905792e-02
2.043844200670719147e-02
2.041988074779510498e-02
2.040102891623973846e-02
2.038191445171833038e-02
2.036258578300476074e-02
2.034305408596992493e-02
2.032331191003322601e-02
2.030340582132339478e-02
2.028335444629192352e-02
2.026315033435821533e-02
2.024283073842525482e-02
2.022241055965423584e-02
2.020189538598060608e-02
2.018130943179130554e-02
2.016064338386058807e-02
2.013993263244628906e-02
2.011917531490325928e-02
2.009838074445724487e-02
2.007756195962429047e-02
2.005670778453350067e-02
2.003585174679756165e-02
2.001821435987949371e-02
1.999512314796447754e-02
1.997515186667442322e-02
1.995509117841720581e-02
1.993495412170886993e-02
1.991473510861396790e-02
1.989445835351943970e-02
1.987413689494132996e-02
1.985376700758934021e-02
1.983335055410861969e-02
1.981290616095066071e-02
1.979244127869606018e-02
1.977195218205451965e-02
1.975146122276782990e-02
1.973096281290054321e-02
1.971046254038810730e-02
1.968996226787567139e-02
1.966946385800838470e-02
1.964897103607654572e-02
1.962849125266075134e-02
1.960802450776100159e-02
1.958757452666759491e-02
1.957153342664241791e-02
1.954795606434345245e-02
1.952866464853286743e-02
1.950928196310997009e-02
1.948981359601020813e-02
1.947027817368507385e-02
1.945069432258605957e-02
1.943103969097137451e-02
1.941134035587310791e-02
1.939160190522670746e-02
1.937183551490306854e-02
1.935204677283763885e-02
1.933223009109497070e-02
1.932848244905471802e-02
1.929600536823272705e-02
1.927927695214748383e-02
1.926224306225776672e-02
1.924492232501506805e-02
1.922735013067722321e-02
1.920956000685691833e-02
1.919154636561870575e-02
1.917336136102676392e-02
1.915500685572624207e-02
1.913650892674922943e-02
1.911787316203117371e-02
1.909912005066871643e-02
1.908027008175849915e-02
1.906133256852626801e-02
1.904230937361717224e-02
1.902322843670845032e-02
1.900408230721950531e-02
1.898488774895668030e-02
1.896565966308116913e-02
1.894640922546386719e-02
1.892713643610477448e-02
1.890783756971359253e-02
1.888853311538696289e-02
1.886921375989913940e-02
1.885604485869407654e-02
1.883173920214176178e-02
1.881345920264720917e-02
1.879508793354034424e-02
1.877662539482116699e-02
1.875806972384452820e-02
1.873945258557796478e-02
1.872077211737632751e-02
1.870204135775566101e-02
1.868326403200626373e-02
1.866446249186992645e-02
1.864561624825000763e-02
1.862674951553344727e-02
1.860786788165569305e-02
1.858897879719734192e-02
1.857007294893264771e-02
1.855116710066795349e-02
1.853225380182266235e-02
1.851334422826766968e-02
1.849444955587387085e-02
1.847556047141551971e-02
1.845666766166687012e-02
1.843779347836971283e-02
1.841893419623374939e-02
1.840009540319442749e-02
1.838810369372367859e-02
1.836385205388069153e-02
1.834631524980068207e-02
1.832867041230201721e-02
1.831092312932014465e-02
1.829309388995170593e-02
1.827518828213214874e-02
1.825722120702266693e-02
1.823920011520385742e-02
1.822112873196601868e-02
1.820302382111549377e-02
1.818487793207168579e-02
1.816670037806034088e-02
1.814850978553295135e-02
1.813030242919921875e-02
1.811208575963973999e-02
1.810264773666858673e-02
1.807719841599464417e-02
1.806037873029708862e-02
1.804342120885848999e-02
1.802634075284004211e-02
1.800914853811264038e-02
1.799185574054718018e-02
1.797451451420783997e-02
1.795708388090133667e-02
1.793958432972431183e-02
1.794057525694370270e-02
1.790520176291465759e-02
1.788825541734695435e-02
1.787120290100574493e-02
1.785404793918132782e-02
1.783681288361549377e-02
1.781952381134033203e-02
1.780217140913009644e-02
1.778475753962993622e-02
1.776729896664619446e-02
1.774980127811431885e-02
1.773225702345371246e-02
1.771468296647071838e-02
1.769710332155227661e-02
1.767949573695659637e-02
1.766186952590942383e-02
1.764423772692680359e-02
1.762659847736358643e-02
1.760896295309066772e-02
1.759592071175575256e-02
1.757451519370079041e-02
1.755762845277786255e-02
1.754067651927471161e-02
1.752365566790103912e-02
1.750658825039863586e-02
1.748947985470294952e-02
1.747233606874942780e-02
1.745514757931232452e-02
1.743794605135917664e-02
1.742072030901908875e-02
1.740346290171146393e-02
1.738621667027473450e-02
1.736894994974136353e-02
1.735168322920799255e-02
1.733441092073917389e-02
1.732708886265754700e-02
1.730279810726642609e-02
1.728818193078041077e-02
1.727331057190895081e-02
1.725823432207107544e-02
1.724295504391193390e-02
1.722748391330242157e-02
1.721184141933917999e-02
1.719603687524795532e-02
1.718011125922203064e-02
1.716404408216476440e-02
1.714787445962429047e-02
1.713160984218120575e-02
1.711525954306125641e-02
1.709884032607078552e-02
1.708234287798404694e-02
1.706580072641372681e-02
1.704920642077922821e-02
1.703256368637084961e-02
1.701589860022068024e-02
1.699919626116752625e-02
1.698248088359832764e-02
1.696575060486793518e-02
1.694901473820209503e-02
1.693226769566535950e-02
1.691550947725772858e-02
1.689874753355979919e-02
1.688227243721485138e-02
1.686622947454452515e-02
1.685038022696971893e-02
1.683443039655685425e-02
1.681841164827346802e-02
1.680233329534530640e-02
1.678619533777236938e-02
1.677001453936100006e-02
1.675378717482089996e-02
1.673752255737781525e-02
1.672123000025749207e-02
1.670492067933082581e-02
1.668858900666236877e-02
1.667223870754241943e-02
1.665588468313217163e-02
1.663951762020587921e-02
1.662314496934413910e-02
1.660677976906299591e-02
1.659041829407215118e-02
1.657404750585556030e-02
1.655769534409046173e-02
1.654134690761566162e-02
1.652500592172145844e-02
1.650867983698844910e-02
1.649236492812633514e-02
1.648196019232273102e-02
1.646053418517112732e-02
1.644494384527206421e-02
1.642929390072822571e-02
1.641360297799110413e-02
1.639787666499614716e-02
1.638211496174335480e-02
1.637014001607894897e-02
1.635223627090454102e-02
1.633796654641628265e-02
1.632353290915489197e-02
1.630895026028156281e-02
1.629422791302204132e-02
1.627938821911811829e-02
1.626444607973098755e-02
1.624939963221549988e-02
1.623427495360374451e-02
1.621906831860542297e-02
1.620379276573657990e-02
1.618847250938415527e-02
1.617308519780635834e-02
1.615765877068042755e-02
1.614221185445785522e-02
1.612671464681625366e-02
1.611119508743286133e-02
1.609736867249011993e-02
1.608081534504890442e-02
1.606588810682296753e-02
1.605087891221046448e-02
1.603581756353378296e-02
1.602069661021232605e-02
1.600553281605243683e-02
1.599032245576381683e-02
1.597507856786251068e-02
1.595979183912277222e-02
1.594448648393154144e-02
1.592916250228881836e-02
1.591381803154945374e-02
1.589846611022949219e-02
1.589385420083999634e-02
1.586904004216194153e-02
1.585485786199569702e-02
1.584054157137870789e-02
1.582613214850425720e-02
1.581161282956600189e-02
1.579702086746692657e-02
1.578234322369098663e-02
